l1 = .120461;
l2 = .1085;
l3 = .1148;
l4 = 0;
l5 = .0893;
l6 = .0864;